180 87.2
177.60000000000002 88.80000000000001
176 88.80000000000001
172.8 90.4
169.60000000000002 92
165.60000000000002 95.2
163.20000000000002 96.80000000000001
160.8 97.60000000000001
159.20000000000002 98.4
157.60000000000002 100
154.4 103.2
153.60000000000002 104
151.20000000000002 106.4
150.4 108.80000000000001
147.20000000000002 110.4
145.6 116
144 117.60000000000001
142.4 119.2
140.8 120.80000000000001
140.8 122.4
139.20000000000002 124
138.4 125.60000000000001
137.6 128
136 129.6
135.20000000000002 132
134.4 134.4
132.8 138.4
132 140
132 141.6
131.20000000000002 144
131.20000000000002 146.4
130.4 148
129.6 149.6
128.8 152
128.8 153.60000000000002
128 154.4
128 156
128 158.4
127.2 160.8
126.4 161.60000000000002
125.60000000000001 164
124.80000000000001 166.4
124.80000000000001 168
124 172
123.2 173.60000000000002
122.4 176
121.60000000000001 177.60000000000002
121.60000000000001 180
121.60000000000001 181.60000000000002
121.60000000000001 184
121.60000000000001 185.60000000000002
121.60000000000001 189.60000000000002
121.60000000000001 191.20000000000002
121.60000000000001 192.8
121.60000000000001 196.8
120 201.60000000000002
120 203.20000000000002
120 208
120 212
120 215.20000000000002
120 216.8
120 218.4
120.80000000000001 220
120.80000000000001 222.4
121.60000000000001 227.20000000000002
121.60000000000001 228.8
121.60000000000001 231.20000000000002
123.2 236
124.80000000000001 240
125.60000000000001 242.4
127.2 247.20000000000002
128 249.60000000000002
128.8 250.4
130.4 252
132.8 253.60000000000002
134.4 256
136.8 257.6
140 259.2
143.20000000000002 260
146.4 263.2
150.4 264
154.4 264.8
156.8 264.8
160 265.6
163.20000000000002 265.6
166.4 265.6
168.8 265.6
171.20000000000002 265.6
172.8 265.6
174.4 265.6
177.60000000000002 265.6
179.20000000000002 265.6
182.4 264.8
184 264.8
186.4 264.8
191.20000000000002 263.2
193.60000000000002 263.2
197.60000000000002 261.6
199.20000000000002 260.8
202.4 260
204.8 260
206.4 259.2
208.8 258.40000000000003
212.8 256.8
216.8 255.20000000000002
220.8 253.60000000000002
224 252
226.4 250.4
230.4 247.20000000000002
232 245.60000000000002
234.4 244
237.60000000000002 240
240.8 236
243.20000000000002 232
248.8 227.20000000000002
252 222.4
253.60000000000002 220.8
256 217.60000000000002
260 213.60000000000002
260.8 212
262.40000000000003 209.60000000000002
263.9008219690376 207.0892763054411
265.16548936445923 205.68271432443203
266.7730293894943 203.10480180467755
268.8 200
269.50627766932126 196.38333024023146
270.28225617623434 194.22814240038718
271.20985663503745 191.41691996462305
271.90974712637734 188.54053899287268
272.26886966129723 186.50495754824988
272.169645292599 183.20167695321697
272.6529722865355 179.36007448643556
272 176.8
272 173.60000000000002
272 168
272 163.20000000000002
272 158.4
271.2 154.4
268.8 148.8
267.2 145.6
264 141.6
261.6 136
259.2 131.20000000000002
256.8 128.8
253.60000000000002 124.80000000000001
252.8 122.4
251.20000000000002 121.60000000000001
249.60000000000002 120
247.20000000000002 119.2
245.60000000000002 117.60000000000001
244 116
243.20000000000002 115.2
240.8 113.60000000000001
239.20000000000002 112.80000000000001
236.8 111.2
234.79299825499317 110.43216441585469
233.17432941837768 109.05467444387904
230.4 107.2
229.39267100928896 106.72063987313663
226.80001416611458 105.16720415216736
224.62714549232223 103.95403219601103
222.0362191851549 102.57787355420308
216.77696868144548 99.84657025096723
214.74624861762877 98.67553810725877
211.74406470566402 97.32658871660442
209.73689139659035 96.37325742188858
207.7210845383016 95.43832001210257
204.8 93.60000000000001
202.4 93.60000000000001
201.60000000000002 92.80000000000001
200 92.80000000000001
198.4 92
196.8 91.2
195.20000000000002 90.4
192.8 90.4
192 89.60000000000001
190.4 88.80000000000001
188.8 88
187.20000000000002 87.2
185.60000000000002 87.2
184 86.4
182.4 86.4
180.8 86.4
BREAK
198.39999389648438 92.0
BREAK
236.8000030517578 111.19999694824219
BREAK
224 88.80000000000001
BREAK
185.1507568359375 173.44415283203125
BREAK
